1   30.000 15         38
2   29.400 15         41
3   28.812 15         33
4   28.236 15         44
5   27.671 15         35
6   27.118 15         39
7   26.575 15         40
8   26.044 15         39
9   25.523 15         38
10   25.012 15         42
11   24.512 15         42
12   24.022 15         40
13   23.542 15         39
14   23.071 15         34
15   22.609 13         45
16   22.157 13         34
17   21.714 13         41
18   21.280 13         44
19   20.854 13         38
20   20.437 13         46
21   20.028 13         31
22   19.628 13         38
23   19.235 13         36
24   18.850 13         44
25   18.473 13         39
26   18.104 13         36
27   17.742 13         36
28   17.387 13         37
29   17.039 13         42
30   16.698 13         42
31   16.365 13         41
32   16.037 13         36
33   15.716 13         41
34   15.402 13         36
35   15.094 13         29
36   14.792 13         37
37   14.496 13         37
38   14.206 13         33
39   13.922 13         41
40   13.644 13         36
41   13.371 13         37
42   13.104 13         41
43   12.842 13         37
44   12.585 13         39
45   12.333 13         30
46   12.086 13         31
47   11.845 13         42
48   11.608 13         34
49   11.376 13         32
50   11.148 13         41
51   10.925 13         38
52   10.707 13         36
53   10.492 13         35
54   10.283 13         36
55   10.077 13         35
56    9.875 13         32
57    9.678 13         34
58    9.484 13         36
59    9.295 13         32
60    9.109 13         36
61    8.927 13         33
62    8.748 13         36
63    8.573 13         32
64    8.402 13         33
65    8.234 13         35
66    8.069 13         33
67    7.908 13         40
68    7.749 12         39
69    7.594 12         33
70    7.443 12         34
71    7.294 12         43
72    7.148 12         38
73    7.005 12         35
74    6.865 12         36
75    6.727 12         33
76    6.593 11         38
77    6.461 11         38
78    6.332 11         36
79    6.205 11         33
80    6.081 11         33
81    5.959 11         41
82    5.840 11         40
83    5.723 11         29
84    5.609 11         37
85    5.497 11         30
86    5.387 11         30
87    5.279 11         35
88    5.174 11         34
89    5.070 11         30
90    4.969 11         31
91    4.869 11         30
92    4.772 11         31
93    4.676 11         36
94    4.583 11         29
95    4.491 11         30
96    4.401 11         27
97    4.313 11         37
98    4.227 11         28
99    4.143 11         25
100    4.060 11         35
101    3.979 11         28
102    3.899 11         32
103    3.821 11         23
104    3.745 11         34
105    3.670 11         29
106    3.596 11         33
107    3.524 11         29
108    3.454 11         29
109    3.385 11         29
110    3.317 11         27
111    3.251 11         25
112    3.186 11         30
113    3.122 11         23
114    3.060 11         25
115    2.998 11         36
116    2.938 11         28
117    2.880 11         25
118    2.822 11         29
119    2.766 11         29
120    2.710 11         27
121    2.656 11         29
122    2.603 11         29
123    2.551 11         25
124    2.500 11         20
125    2.450 11         27
126    2.401 10         25
127    2.353 10         26
128    2.306 10         26
129    2.260 10         20
130    2.215 10         33
131    2.170 10         26
132    2.127 10         20
133    2.084 10         24
134    2.043 10         25
135    2.002 10         24
136    1.962 10         20
137    1.923 10         15
138    1.884 10         24
139    1.846 10         21
140    1.809 10         22
141    1.773 10         18
142    1.738 10         18
143    1.703 10         24
144    1.669 10         21
145    1.636 10         23
146    1.603 10         19
147    1.571 10         17
148    1.539 10         18
149    1.509 8         19
150    1.478 8         19
151    1.449 8         14
152    1.420 8         21
153    1.392 8         17
154    1.364 8         22
155    1.336 8         12
156    1.310 7         15
157    1.283 7         14
158    1.258 7         20
159    1.233 7         12
160    1.208 7         15
161    1.184 7         17
162    1.160 7         14
163    1.137 7         15
164    1.114 7         12
165    1.092 7         17
166    1.070 7         15
167    1.049 7         11
168    1.028 7         16
169    1.007 7          9
170    0.987 7         11
171    0.967 7         10
172    0.948 7         10
173    0.929 7          8
174    0.910 5          8
175    0.892 5         12
176    0.874 5          7
177    0.857 5         13
178    0.840 5         11
179    0.823 5         10
180    0.806 5         10
181    0.790 5          6
182    0.775 5         12
183    0.759 5          5
184    0.744 5          9
185    0.729 5         10
186    0.714 5          7
187    0.700 5         10
188    0.686 5          5
189    0.672 5          5
190    0.659 4          8
191    0.646 4          8
192    0.633 4          9
193    0.620 4          4
194    0.608 4          5
195    0.596 4          1
196    0.584 4          9
197    0.572 4          4
198    0.561 4         14
199    0.549 4          3
200    0.538 4          5
201    0.528 4          4
202    0.517 4          4
203    0.507 4          4
